2
1.76111584865179083 -7.74771134762225167 4.5450651310486041 7.01156678339947881
20
3
-0.0570442699344253512 0.0443520770557941993 0.621264028943087521 -1.83710954935966231 2.50272565535854419 -1.15880125048214966
24
-0.906474007801321147 1.55635372775454384 -2.26658327498584322 3.02267660533600591 -2.99974471377657581 2.34262197174374354 -2.31969008018431389 1.60946053295301272 -3.78601295776577684 0.249351265768491315 -3.10595832417351359 -0.483810173022241496 -2.37279688538278233 0.196244460570020651 -1.69274225179052262 -0.536916978220710384 -3.15906512937198514 -1.89702624540523246 -2.47901049577972454 -2.6301876841959646 -1.74584905698899173 -1.95013305060370223 -1.06579442339672803 -2.68329448939443216 -2.53211730097818988 -4.04340375657895734 -1.85206266738592928 -4.77656519536968815 -1.11890122859519692 -4.09651056177742667 -0.43884659500293377 -4.82967200056815749 -1.90516947258439817 -6.18978126775267867 -1.22511483899213491 -6.92294270654340949 0.974369477380056859 -4.88277880576662504 -0.385739789804465771 -3.41645592818516475 0.34742164898626493 -2.73640129459290504 -1.01268761819825914 -1.27007841701144164 -0.279526179407528219 -0.590023783419180159 -1.63963544659205196 0.876299094162282133
3
0.0799446952737468547 0.11442905065670439 0.984887856343355184 1.89798669627215943 -0.798669789272099195 2.80292985734176803
3
0.415483123901789153 0.316572075322851476 2.37942113889832374 -0.0615118746822652107 2.7575050889034407 1.90242614031426971
12
2.92128531843669847 1.19991455758011267 2.93042692350850631 -0.800064550074941039 3.93041647733604016 -0.795493747539036899 3.92584567480012936 0.204495806288487847 5.92582478245518551 0.213637411360297014 5.92125397991928271 1.21362696518782687 4.92126442609175285 1.20905616265192339 4.91669362355584916 2.20904571647944703 6.91667273121090531 2.21818732155124998 6.91210192867499984 3.21817687537878427 3.91213326719242049 3.20446446777107052 3.92127487226422522 1.20448536011601726
15
-0.500449788239818782 3.26435635655471001 1.18905714304370136 4.33466768002323111 0.653901481309442922 5.17942114566499257 -0.190851984332317093 4.6442654839307318 -1.2611633078008424 6.33377241521425205 -2.10591677344260431 5.79861675347998951 -1.57076111170834043 4.95386328783823071 -2.41551457735010144 4.41870762610397261 -3.48582590081862032 6.10821455738749375 -4.33057936646038755 5.57305889565322854 -3.79542370472612101 4.72830543001146797 -4.64017717036788202 4.19314976827721253 -3.26026804299186024 3.8835519643697145 -2.72511238125760169 3.03879849872794683 -1.03560544997407811 4.10910982219647103
9
3.12886490530647521 -1.64339174021511636 1.17795827493717842 -2.08380440985702586 1.39816460975813062 -3.05925772504167259 2.37361792494277823 -2.83905139022071751 2.81403059458467952 -4.7899580205900163 3.7894839097693338 -4.56975168576906299 3.56927757494838094 -3.59429837058441315 4.54473089013303522 -3.37409203576345895 3.34907124012742985 -2.6188450553997642
3
1.40316467296851277 2.75774858573969439 3.17827686129617515 1.8363492592527606 4.09967618778310872 3.61146144758042542
3
-3.61349766346686696 1.90787520156218204 -5.37151736508496924 2.86148242087346327 -6.32512458439625114 1.10346271925536055
15
6.59427645068027779 -4.59677779379248808 4.80693358198491971 -3.69933394054938081 4.35821165536336252 -4.59300537489705363 5.25188308971104068 -5.04172730151860993 4.35443923646793429 -6.82907017021397955 5.248110670815616 -7.27779209683552963 5.6968325974371723 -6.38412066248784793 6.59050403178485222 -6.83284258910940245 5.69306017854173252 -8.62018545780476231 6.58673161288941955 -9.06890738442632127 7.03545353951097496 -8.1752359500786369 7.92912497385865045 -8.62395787670019232 7.48417546613252327 -7.28156451573095875 7.93289739275408756 -6.38789308138327439 6.1455545240587206 -5.49044922814016623
12
-5.53230022144111011 -1.10574784179964869 -6.05096773917958686 0.825827682492116022 -7.01675550132546544 0.566493923622882312 -6.75742174245622884 -0.399293838523002043 -8.68899726674799666 -0.917961356261473127 -8.42966350787875918 -1.88374911840735604 -7.46387574573287527 -1.62441535953812188 -7.20454198686363867 -2.59020312168400579 -9.13611751115540294 -3.10887063942248343 -8.87678375228617256 -4.07465840156836201 -5.97942046584851816 -3.29665712496065089 -6.49808798358699313 -1.36508160066888529
3
-3.64988696396815904 -0.0290496690171451327 -5.62363996980358838 -0.352003337452112153 -5.30068630136862318 -2.32575634328754388
9
-2.76779727331947001 -10.2226069265909736 -4.75676760006599153 -10.4323616388665794 -4.65189024392819128 -11.4268468022398455 -3.65740508055492874 -11.3219694461020399 -3.44765036827932159 -13.310939772848565 -2.45316520490605416 -13.2060624167107612 -2.55804256104385974 -12.2115772533374951 -1.5635573976706052 -12.1066998971996984 -2.66291991718166576 -11.2170920899642361
3
5.95704303876526797 -1.12510415100178318 5.68001211160674746 -3.10582469297576047 7.66073265358071964 -3.3828556201342872
9
-3.14607017772404207 -3.58145685408519165 -5.14605903190629999 -3.57477979285093328 -5.14939756252342917 -4.57477421994207134 -4.14940313543230044 -4.5781127505591952 -4.15608019666655437 -6.57810160474145533 -3.15608576957541898 -6.58144013535858186 -3.15274723895830045 -5.5814457082674469 -2.15275281186716683 -5.58478423888457964 -3.14940870834117215 -4.58145128117631906
9
8.56218849300365825 1.16962452584514742 6.56278148741428335 1.12092518293258414 6.58713115887056411 0.121221680137891585 7.58683466166525111 0.145571351594177001 7.63553400457783038 -1.853835653995205 8.63523750737251561 -1.82948598253891581 8.61088783591623397 -0.829782479744228585 9.61059133871092541 -0.805432808287940283 8.58653816445994345 0.169921023050459863
3
-6.78291617219369414 5.47791403688181155 -6.82890684364238076 7.47738518149472764 -8.82837798825530129 7.4313945100460419
15
10.2529012305156044 -3.00354431833400382 8.32877261188768259 -2.45789877498466947 8.05594984021301563 -3.41996308429863172 9.01801414952696945 -3.69278585597329512 8.47236860617764442 -5.61691447460122717 9.43443291549160179 -5.88973724627589146 9.70725568716626697 -4.9276729369619261 10.6693199964802208 -5.20049570863660104 10.1236744531308869 -7.12462432726452199 11.0857387624448478 -7.39744709893919428 11.3585615341195147 -6.43538278962522892 12.3206258434334721 -6.70820556129990297 11.6313843057941835 -5.47331848031127066 11.9042070774688575 -4.51125417099730885 9.98007845884093747 -3.96560862764796518
9
5.07814424034464729 3.95632590031089126 7.02338944293928957 3.49154519741701641 7.25577979438622833 4.46416779871434066 6.28315719308890674 4.69655815016127764 6.7479378959827816 6.64180335275591904 5.77531529468546001 6.87419370420285425 5.54292494323852214 5.90157110290553266 4.57030234194119878 6.13396145435247142 5.31053459179158427 4.92894850160821285
3
2.05977262322346899 -9.57560577185234507 2.24746711214442918 -11.5667789885335779 4.23864032882566377 -11.3790844996126204
1
5
1.76111584865179083 -7.74771134762225167 1.1779582749371784 -2.083804409857026 2.502725655358544 -1.1588012504821497 2.9212853184366985 1.1999145575801127 4.099676187783109 3.6114614475804254 4.545065131048604 7.011566783399479
