2
-29.0939934671409013 -26.2820705053276455 27.2771542576817936 29.2865061989237354
139
9
0.0461688950751277805 0.0583095417819672612 2.03192751279172423 -0.179939722989768236 2.15105214517759169 0.812939585868530545 1.15817283631929357 0.932064218254398114 1.39642210109102849 2.91782283597099434 0.40354279223273043 3.0369474683568618 0.284418159846862917 2.04406815949856391 -0.70846114901143542 2.16319279188443137 0.165293527460995349 1.05118885064026557
9
-0.212936802260131786 -0.470040279870721056 -1.17980179025460097 -2.2208035691221415 -0.304420145628888583 -2.70423606311937714 0.179012348368345231 -1.82885441849366592 1.92977563761976967 -2.79571940648813211 2.41320813161700176 -1.92033776186242022 1.53782648699129076 -1.43690526786518724 2.02125898098852419 -0.561523623239477909 0.662444842365579323 -0.953472773867954038
12
-0.92195085249940234 -0.266238718589321632 -1.41294404079201064 1.67255618780234139 -2.38234149398784067 1.42705959365603863 -2.13684489984153814 0.457662140460205868 -4.07563980623320266 -0.0333310478324024828 -3.8301432120868979 -1.00272850102823141 -2.86074575889106564 -0.757231906881927985 -2.61524916474476354 -1.72662936007776069 -4.55404407113642584 -2.21762254837036688 -4.30854747699012375 -3.18702000156619958 -1.40035511740262963 -2.45053021912728797 -1.89134830569523427 -0.511735312735624892
9
3.00011635141752686 -2.17310257513955207 4.80887995183885408 -3.0265510139985552 5.23560417126835809 -2.1221692137878887 4.33122237105769248 -1.69544499435838536 5.18467080991668361 0.113318606062952298 4.28028900970602066 0.540042825492446532 3.8535647902765251 -0.36433897471822263 2.94918299006585238 0.0623852447112782649 3.42684057084702554 -1.26872077492888735
9
-1.87566552028417322 2.45872095993784257 -2.53140913711320437 4.34816540447384803 -3.4761313593812071 4.02029359605933667 -3.14825955096669263 3.07557137379133128 -5.03770399550269943 2.41982775696229746 -4.70983218708818274 1.47510553469429162 -3.76510996482017912 1.80297734310880875 -3.4372381564056651 0.858255120840808239 -2.82038774255217639 2.13084915152332677
9
-4.26798203938736975 -1.13005174322381996 -5.1165033451120534 0.681028485184428156 -6.02204345931618157 0.256767832322084999 -5.59778280645383663 -0.648772281882036728 -7.40886303486208675 -1.49729358760672171 -6.98460238199974093 -2.40283370181085054 -6.07906226779561631 -1.97857304894850694 -5.65480161493327493 -2.88411316315262845 -5.17352215359149437 -1.55431239608616201
9
1.64243377903635168 1.46187609867707491 3.46118076630980909 0.629914923931690129 3.87716135368250292 1.53928841756841939 2.96778786004577366 1.95526900494111056 3.79974903479115689 3.7740159922145704 2.89037554115442319 4.18999657958726512 2.47439495378173246 3.28062308595053409 1.56502146014500276 3.69660367332322437 2.05841436640904263 2.37124959231380483
9
-0.658380922152907777 4.11937982352676624 1.24624538285238806 4.72962455990871078 0.941123014661417789 5.6819377124113597 -0.0111901378412313512 5.37681534422038698 -0.621434874223173006 7.28144164922568393 -1.57374802672581926 6.97631928103471388 -1.26862565853484677 6.02400612853206407 -2.22093881103750146 5.71888376034109225 -0.963503290343877827 5.07169297602941427
15
0.646100334571105162 -6.3093117811972963 -0.142181703537226034 -4.47121183059728367 -1.06123167883723624 -4.86535284965145198 -0.667090659783069473 -5.78440282495145741 -2.50519061038308033 -6.57268486305979316 -2.1110495913289169 -7.49173483835979503 -1.1919996160289057 -7.09759381930563116 -0.797858596974737599 -8.01664379460563836 -2.63595854757475356 -8.80492583271396967 -2.24181752852058036 -9.7239758080139822 -1.32276755322057382 -9.329834788959813 -0.92862653416641372 -10.2488847642598166 -0.403717577920574389 -8.93569376990564379 0.51533239737943215 -8.54155275085147636 -0.272949640728900378 -6.70345280025146195
3
-3.34321271793779085 -3.71876573035386793 -5.23694391780219703 -4.362024731581295 -4.59368491657477307 -6.25575593144570341
9
7.97869126219994662 9.20441248029522008 9.55876147071894167 7.97828926619692691 10.1718230777680922 8.76832437045642266 9.38178797350859384 9.38138597750557146 10.6079111876068914 10.9614561860245594 9.81787608334738771 11.5745177930737171 9.2048144762982389 10.7844826888142151 8.41477937203874049 11.3975442958633657 8.59175286924909365 9.99444758455471671
9
5.63759583346367066 4.36409413440220728 6.27547619966861348 6.25964382734360658 5.32770135319791294 6.57858401044608243 5.00876117009544242 5.63080916397538012 3.11321147715403956 6.26868953018032382 2.79427129405156771 5.32091468370962861 3.74204614052226958 5.00197450060715454 3.42310595741979506 4.05419965413644956 4.68982098699297101 4.68303431750467869
9
4.09439063270990378 2.37776729487467309 5.04082192018947595 0.615874046667008512 5.92176854429330923 1.08908969040679326 5.4485529005535227 1.97003631451062633 7.21044614876118839 2.91646760199019983 6.73723050502140097 3.79741422609403667 5.85628388091756591 3.32419858235424837 5.38306823717778382 4.20514520645807632 4.97533725681373529 2.85098293861446006
9
-6.03545135579091152 2.58198988912541827 -6.72025714287543252 4.46109633474672584 -7.65981036568608786 4.11869344120446712 -7.31740747214382647 3.179140218393814 -9.19651391776513627 2.49433443130929389 -8.85411102422287755 1.55478120849864121 -7.91455780141221776 1.89718410204089993 -7.5721549078699617 0.957630879230244147 -6.97500457860156597 2.23958699558315999
15
-4.42857110591421943 5.90683282903503049 -3.66791963795440612 7.75653803373402972 -4.59277224030390219 8.13686376771394215 -4.97309797428381195 7.21201116536444076 -6.82280317898282185 7.97266263332424696 -7.20312891296272007 7.04781003097475178 -6.27827631061322045 6.66748429699484291 -6.6586020445931311 5.74263169464534684 -8.50830724929213034 6.50328316260515749 -8.88863298327204099 5.57843056025565964 -7.96378038092253604 5.1981048262757481 -8.34410611490244136 4.27325222392624227 -7.03892777857303997 4.817779092295849 -6.11407517622353236 4.43745335831593213 -5.35342370826371994 6.28715856301493847
15
3.91975474795070733 -4.3290606329160175 1.95053790936928384 -4.67861040426106634 2.12531279504180581 -5.66321882355178019 3.10992121433252011 -5.48844393787925533 3.45947098567756228 -7.45766077646067949 4.44407940496828324 -7.28288589078815463 4.26930451929575394 -6.29827747149744077 5.25391293858646957 -6.12350258582491946 5.60346270993151396 -8.09271942440634362 6.58807112922223759 -7.91794453873381698 6.41329624354971095 -6.93333611944310135 7.39790466284041504 -6.7585612337705836 6.23852135787717899 -5.94872770015239549 6.06374647220465768 -4.96411928086168164 4.09452963362322908 -5.31366905220672869
9
10.1431045260390391 -1.47764845253504751 11.8913734829729929 -0.506280523158612827 11.4056895182847686 0.367853955308369285 10.5315550398178033 -0.117830009379852108 9.5601871104413636 1.63043894755410079 8.68605263197438937 1.14475498286588362 9.17173659666260477 0.27062050439890295 8.29760211819563054 -0.21506346028930845 9.65742056135082017 -0.603513974068069836
9
-9.38188000220458029 -2.88354961816366595 -9.46789473198935383 -4.88169912865081823 -8.46881997674577391 -4.92470649354320322 -8.42581261185339159 -3.92563173829962819 -6.42766310136623353 -4.0116464680844004 -6.38465573647384854 -3.01257171284082315 -7.38373049171743112 -2.96956434794843371 -7.34072312682503991 -1.97048959270486113 -8.38280524696100393 -2.92655698305604961
9
-4.90368285393081038 9.12204069131890805 -4.00674404696919773 10.9096370597886665 -4.9005422312040734 11.3581064632694773 -5.34901163468488416 10.4643082790345971 -7.13660800315465771 11.3612470859961956 -7.58507740663545782 10.467448901761319 -6.69127922240057416 10.0189794982805118 -7.13974862588138137 9.12518131404563881 -5.79748103816569138 9.57051009479971171
9
-9.61180243552509239 5.64405811874758268 -10.9028261926946648 7.17155857977001698 -11.6665764232058855 6.52604670118523167 -11.0210645446210975 5.76229647067401185 -12.5485650056435301 4.471272713504435 -11.9030531270587456 3.70752248299321963 -11.1393028965475231 4.35303436157800583 -10.4937910179627316 3.58928413106678512 -10.3755526660363078 4.9985462401627947
15
6.32858967309632092 7.77600796465056732 8.05816280738432766 8.78028719531758739 7.55602319205081763 9.64507376246159964 6.6912366249068107 9.14293414712808428 5.68695739423978441 10.8725072814160946 4.82217082709577483 10.3703676660825774 5.32431044242929374 9.50558109893857406 4.45952387528528771 9.00344148360506047 3.45524464461826231 10.733014617893069 2.59045807747425405 10.2308750025595536 3.09259769280777075 9.3660884354155467 2.22781112566376915 8.86394882008204199 3.59473730814128611 8.50130186827155221 4.09687692347480059 7.63651530112754617 5.82645005776280822 8.64079453179457069
3
-6.9173863488547731 0.775457803773928478 -8.90906628212373164 0.957696777140618405 -9.09130525549042368 -1.03398315612834457
3
-2.35648796058651078 5.08626866036702197 -4.09161089796714172 6.08092859832351174 -5.08627083592363416 4.34580566094288478
9
6.66016504878848181 -3.94048466250996121 8.29746005927720276 -5.08907730075414211 8.87175637839929365 -4.27042979550978785 8.05310887315493673 -3.69613347638769429 9.20170151139912207 -2.0588384658989769 8.38305400615476159 -1.48454214677688245 7.80875768703266449 -2.3031896520212416 6.99011018178830046 -1.72889333289914626 7.23446136791057359 -3.12183715726560118
9
3.49544896551786 -9.52383237175721042 2.57978121672865512 -7.74575684641322404 1.69074345405665927 -8.2035907208078207 2.14857732845126126 -9.092628483479821 0.370501803107271321 -10.0082962322690214 0.82833567750186976 -10.8973339949410164 1.71737344017387228 -10.4395001205464144 2.17520731456846583 -11.3285378832184076 2.60641120284586281 -9.98166624615181064
9
10.6635607076581351 -5.74162616747511567 12.6219013954900134 -5.33554520217120309 12.4188609128380634 -4.3563748582552666 11.4396905689221242 -4.55941534090722289 11.0336096036182294 -2.60107465307534147 10.0544392597022796 -2.80411513572729243 10.257479742354235 -3.78328547964323825 9.27830939843829405 -3.98632596229518077 10.4605202250061833 -4.76245582355917563
9
-1.43672359129945426 8.13266345108169375 -1.05358776982578028 10.0956221725793398 -2.03506713057460775 10.2871900833161831 -2.22663504131144308 9.30571072256735832 -4.18959376280909623 9.68884654404102363 -4.381161673545928 8.70736718329220949 -3.39968231279710231 8.5157992725553715 -3.59125022353394208 7.53431991180653959 -2.4182029520482784 8.32423136181853174
3
-11.7684344034860757 -2.92676831658688785 -12.9142284114537933 -4.56602305313800194 -11.2749736749026823 -5.71181706110572307
9
9.71142603671431459 14.4529091158569951 11.5992676922824334 15.1132528774704546 11.2690958114757063 16.0571737052545132 10.325174983691646 15.7270018244477843 9.66483122207818468 17.6148434800159066 8.72091039429412973 17.2846715992091831 9.05108227510086394 16.3407507714251139 8.10716144731680011 16.0105788906183903 9.38125415590758749 15.3968299436410536
9
-5.32247859100178999 -7.10478207311743848 -7.12181987111303627 -7.97792064040651283 -6.68525058746849687 -8.87759128046213952 -5.78557994741287285 -8.44102199681760013 -4.91244138012380382 -10.24036327692885 -4.01277074006817536 -9.80379399328430878 -4.4493400237127112 -8.90412335322868209 -3.54966938365709117 -8.46755406958414802 -4.88590930735725237 -8.00445271317306251
9
-11.3335664185972789 3.13150807728623626 -13.0735036834514968 4.11772220939528566 -13.5666107495060277 3.24775357696817002 -12.6966421170789161 2.75464651091365376 -13.6828562491879637 1.01470924605942381 -12.8128876167608503 0.521602180004899996 -12.31978055070633 1.39157081243201852 -11.4498119182792202 0.898463746377487826 -11.8266734846518027 2.26153944485912817
9
-1.69150772387970783 -12.264715871356529 -1.98219733475548465 -10.2859537456504384 -2.97157839760853637 -10.4312985510883287 -2.82623359217064563 -11.420679613941374 -4.80499571787673219 -11.7113692248171439 -4.65965091243884366 -12.7007502876701981 -3.67026984958579927 -12.5554054822322918 -3.5249250441479143 -13.5447865450853513 -2.68088878673275133 -12.4100606767944157
9
15.1325534822663812 1.90283882211876798 15.5316434102668595 -0.0569385196648746206 16.5115320811586841 0.142606444335362736 16.3119871171584414 1.12249511522718226 18.2717644589420907 1.52158504322766852 18.072219494941848 2.50147371411948649 17.0923308240500234 2.30192875011924647 16.8927858600497913 3.28181742101107066 16.1124421531582023 2.10238378611900734
9
8.58459688214182393 4.10123917169131325 8.04690573216440441 2.17487258476245238 9.01008902562884195 1.90602700977374129 9.27893460061754816 2.86921030323817261 11.2053011875464126 2.33151915326075532 11.4741467625351206 3.29470244672518486 10.5109634690706848 3.56354802171389684 10.7798090440593981 4.52673131517833127 9.54778017560625436 3.83239359670260527
9
11.9873441196116559 -6.69493269184165474 12.3251104303108274 -8.66620484944867897 13.3107465091143435 -8.49732169409909588 13.1418633537647587 -7.51168561529557888 15.1131355113717873 -7.17391930459640825 14.9442523560221971 -6.18828322579289125 13.958616277218681 -6.3571663811424779 13.7897331218690997 -5.37153030233896622 12.9729801984151685 -6.52604953649206632
9
1.97862741533965458 5.85237895911588435 3.59287493088268306 7.03314352437144041 3.00249264825490858 7.84026728214295598 2.1953688904833899 7.24988499951517973 1.01460432522782762 8.86413251505821087 0.207480567456314713 8.27375023243042662 0.797862850084094521 7.46662647465891283 -0.00926090768742149351 6.87624419203113391 1.38824513271187433 6.65950271688739903
9
-10.4902360187096928 -14.1912206906658867 -10.9247437099087801 -12.2389904106300449 -11.9008588499267027 -12.456244256229585 -11.6836050043271609 -13.4323593962475059 -13.6358352843630044 -13.8668670874465896 -13.4185814387634643 -14.8429822274645105 -12.4424662987455363 -14.6257283818649721 -12.2252124531459998 -15.601843521882893 -11.4663511587276155 -14.4084745362654267
9
-13.2524142081680658 -10.380812341572387 -15.2116683695201242 -10.7824628503790283 -15.0108431151168062 -11.762089931055062 -14.0312160344407761 -11.5612646766517386 -13.6295655256341171 -13.5205188380038042 -12.6499384449580798 -13.319693583600472 -12.8507636993614156 -12.3400665029244401 -11.8711366186853784 -12.1392412485211132 -13.0515889537647389 -11.3604394222484135
9
-0.586519385748832778 10.7538899518769853 -0.195437935605715984 8.79249878758722581 0.785257646539166854 8.98803951265877998 0.589716921467606681 9.9687350948036606 2.55110808575737202 10.3598165449467707 2.35556736068581252 11.3405121270916549 1.37487177854092879 11.1449714020201043 1.17933105346937328 12.1256669841649831 0.394176196396046952 10.9494306769485394
9
4.52723568212774463 -12.3458163854691136 5.7078070974078825 -13.9602051656033908 6.51500148747502905 -13.3699194579633183 5.92471577983495301 -12.5627250678961797 7.53910455996923634 -11.3821536526160472 6.94881885232916119 -10.5749592625488997 6.14162446226202086 -11.1652449701889722 5.55133875462196436 -10.3580505801218372 5.33443007219488052 -11.7555306778290447
15
2.47940474587669613 -15.658340921057011 2.70452051899696233 -13.6710505827590474 1.71087534984797784 -13.5584926961989041 1.59831746328784829 -14.5521378653478841 -0.388972875010123342 -14.3270220922276224 -0.501530761570255557 -15.3206672613765935 0.49211440757873115 -15.4332251479367333 0.379556521018592274 -16.4268703170857187 -1.60773381727938069 -16.2017545439654533 -1.7202917038395098 -17.1953997131144405 -0.726646534690537305 -17.3079575996745696 -0.839204421250660637 -18.3016027688235638 0.26699863445844052 -17.4205154862346951 1.26064380360744432 -17.5330733727948491 1.48575957672771342 -15.545783034496873
15
13.3235129821954104 -4.94670579049884296 15.2985434564334675 -5.2617528121178081 15.456066967242954 -4.27423757499877066 14.468551730123913 -4.11671406418928942 14.7835987517428791 -2.14168358995122565 13.7960835146238399 -1.98416007914174886 13.638560003814364 -2.9716753162607823 12.6510447666953425 -2.81415180545129884 12.9660917883142837 -0.839121331213242172 11.9785765511952675 -0.681597820403760934 11.8210530403857934 -1.66911305752279304 10.8335378032667649 -1.51158954671330603 11.6635295295763175 -2.65662829464181627 11.5060060187668327 -3.6441435317608506 13.4810364930048863 -3.95919055337981574
9
-7.60281971454669936 -7.37736153069672618 -9.29245688110437307 -6.30725581377575395 -9.82750973956486362 -7.15207439705458636 -8.98269115628602322 -7.68712725551507337 -10.0527968732070043 -9.37676442207274263 -9.20797828992816214 -9.91181728053323674 -8.67292543146767514 -9.06699869725439811 -7.8281068481888374 -9.60205155571488866 -8.13787257300718636 -8.22218011397556126
3
2.94949150160159101 -2.38579978969944184 3.73249083308254859 -4.22615628964730927 5.57284733303041602 -3.44315695816635703
15
5.05655190133572585 18.0606529297142053 3.07804825225980094 18.3530966176153676 2.93182640830921626 17.3638447930774049 3.92107823284718027 17.2176229491268238 3.628634544946018 15.2391193000509002 4.61788636948397446 15.0928974561003155 4.7641082134345627 16.0821492806382835 5.75336003797252804 15.9359274366876935 5.46091635007136578 13.9574237876117646 6.45016817460932401 13.8112019436611781 6.59639001855991225 14.8004537681991497 7.58564184309787493 14.6542319242485686 6.7426118625104845 15.7897055927371071 6.88883370646107629 16.7789574172750804 4.91033005738514206 17.0714011051762427
3
-2.13735040644016028 -2.77351035490251396 -1.52881429956340131 -4.67868326218082053 0.376358607714906146 -4.07014715530406246
9
-1.51208538118311875 14.6747128872010961 -0.52716352367725805 12.934043781768592 0.343171029038999764 13.4265047105215256 -0.149289899713932028 14.2968392632377768 1.5913792057185705 15.2817611207436546 1.09891827696563293 16.1520956734599075 0.228583724249379117 15.6596347447069686 -0.263877204503548901 16.529969297423218 -0.641750828466869483 15.1671738159540315
9
9.40222659293558927 6.56395915026611831 9.04036478934917298 4.59696752976917988 10.0238605995976346 4.41603662797596641 10.204791501390849 5.39953243822443696 12.1717831218877901 5.03767063463801357 12.3527140236810009 6.02116644488648145 11.3692182134325268 6.20209734667969226 11.5501491152257429 7.18559315692816547 10.3857224031840598 6.38302824847290662
18
-18.349520894313482 20.4517488960483789 -18.2587195274632847 22.4496866107377286 -19.2576883848079596 22.4950872941628361 -19.3030890682330636 21.4961184368181577 -21.3010267829224276 21.5869198036683443 -21.3464274663475209 20.5879509463236658 -20.3474586090028353 20.5425502628985761 -20.3928592924279393 19.5435814055538941 -22.3907970071172961 19.6343827724040878 -22.4361976905424001 18.6354139150594094 -21.4372288331977181 18.5900132316343196 -21.4826295166228078 17.5910443742896341 -23.4805672313121718 17.6818457411398313 -23.5259679147372545 16.6828768837951493 -20.5290613427032334 16.5466748335198517 -20.4382599758530397 18.5446125482092121 -19.4392911185083577 18.4992118647841153 -19.3484897516581604 20.4971495794734793
9
-7.9146306171844607 11.5518393586241519 -9.59525516213994578 12.6360446615502866 -10.1373578136030194 11.7957323890725441 -9.29704554112527859 11.2536297376094758 -10.381250844051408 9.57300519265398364 -9.5409385715736672 9.03090254119092251 -8.99883592011059719 9.8712148136686686 -8.15852364763285287 9.32911216220559325 -8.45673326864753072 10.7115270861464094
15
-14.0336781629815732 0.912510686048370268 -14.7778823833658279 2.7688942882066776 -15.7060741844449794 2.39679217801455557 -15.3339720742528556 1.46860037693540368 -17.1903556764111691 0.724396156551162962 -16.8182535662190453 -0.203795644527994702 -15.8900617651398868 0.168306465664120553 -15.5179596549477665 -0.759885335415032115 -17.374343257106073 -1.50408955579928527 -17.0022411469139563 -2.43228135687843183 -16.0740493458348048 -2.06017924668630625 -15.7019472356426792 -2.98837104776546569 -15.1458575447556445 -1.68807713649418822 -14.2176657436764877 -1.31597502630206709 -14.9618699640607264 0.540408575856248463
9
1.28740795180756962 18.1979835447519847 3.19567392087156943 18.7967497690100132 2.89629080874255163 19.7508827535420224 1.94215782421055283 19.4514996414130046 1.34339159995251167 21.3597656104770124 0.389258615420510434 21.0603824983479839 0.688641727549532012 20.1062495138159818 -0.265491256982474999 19.8068664016869604 0.988024839678551148 19.1521165292839868
9
14.3675743867535868 4.32469610397746163 12.8945400423468133 5.67753379571956085 12.2181211964757601 4.94101662351617943 12.9546383686791469 4.26459777764512626 11.6018006769370441 2.79156343323835143 12.3383178491404308 2.11514458736729827 13.0147366950114858 2.85166175957068946 13.7512538672148654 2.17524291369963807 13.6911555408825372 3.58817893177407576
3
-1.83360794980560904 2.0495605013973317 -0.15656267407806479 3.13929402073126829 -1.24629619341200515 4.81633929645881231
9
8.21881917580179966 -9.06947835539390645 8.69501711185386483 -11.0119601508555096 9.66625800958466819 -10.7738611828294815 9.42815904155863826 -9.80262028509867811 11.3706408370202485 -9.32642234904661471 11.1325418689942097 -8.35518145131580425 10.1613009712634046 -8.59328041934184306 9.92320200323737645 -7.62203952161103704 9.19006007353260124 -8.83137938736787653
3
-8.08330561089334587 3.57137693353999097 -10.0615058878388783 3.86586575216068917 -10.3559947064595743 1.88766547521514916
9
-9.39573976701847435 -0.244022369007118878 -10.7989982498288128 1.18106206021832438 -11.5115404644415413 0.479432818813148975 -10.8099112230363712 -0.233109395799568908 -12.2349956522618122 -1.63636787860991495 -11.5333664108566332 -2.34891009322264432 -10.8208241962439136 -1.64728085181746509 -10.1191949548387434 -2.35982306643018713 -10.108281981631194 -0.945651610412292509
9
2.50634482093457933 11.6492709295317685 4.08519705381018294 12.8769621068005886 3.47135146517577997 13.6663882232383926 2.68192534873797239 13.0525426346039843 1.45423417146914957 14.6313948674795924 0.664808055031343548 14.0175492788451788 1.27865364366575518 13.2281231624073747 0.489227527227952486 12.6142775737729629 1.89249923230016837 12.4386970459695707
15
-7.71412032771576772 14.190774154753889 -5.71428263587697849 14.1652946276606517 -5.70154287233035983 15.1652134735800441 -6.70146171824974424 15.1779532371266619 -6.67598219115651492 17.1777909289654644 -7.67590103707590732 17.1905306925120733 -7.6886408006225313 16.1906118465926738 -8.6885596465419237 16.203351610139304 -8.66308011944868461 18.2031893019780924 -9.66299896536809477 18.2159290655247013 -9.67573872891470188 17.216010219605316 -10.6756575748341014 17.228749983151932 -9.6884784924613232 16.2160913736859236 -9.70121825600794097 15.2161725277665223 -7.70138056416914818 15.1906930006732779
15
-22.3303907242767394 -2.76598230673227441 -20.3303907331391258 -2.76617058715883024 -20.3302965929258406 -1.76617059159002521 -21.3302965884946474 -1.76607645137674063 -21.3301083080680876 0.23392353976087632 -22.3301083036369086 0.234017679974157122 -22.3302024438501832 -0.765982315594657459 -23.3302024394189935 -0.765888175381381764 -23.3300141589924408 1.2341118157562434 -24.3300141545612547 1.23420595596951799 -24.3301082947745151 0.234205960400717395 -25.3301082903433326 0.234300100613989315 -24.3302024349878039 -0.765794035168096077 -24.330296575201082 -1.76579403073691288 -22.3302965840634577 -1.76598231116346871
9
22.3443814181710536 7.26037292369209553 23.6409644219875119 5.73758846283945623 24.4023566524138396 6.38587996474767916 23.7540651505056069 7.14727219517401213 25.2768496113582408 8.44385519899049974 24.6285581094500117 9.20524742941680785 23.8671658790236911 8.55695592750856449 23.218874377115462 9.31834815793488147 23.1057736485973741 7.90866442560032379
9
-5.01496626213022356 -13.2736721685009602 -7.01447573031371707 -13.2293789789052916 -7.03662232511154873 -14.2291337129970454 -6.03686759101980286 -14.2512803077948753 -6.08116078061547416 -16.2507897759783688 -5.0814060465237354 -16.272936370776204 -5.05925945172589753 -15.2731816366844519 -4.05950471763414544 -15.2953282314822889 -5.03711285692806054 -14.273426902592707
3
-8.93381705679680671 8.648574952391753 -10.446456347476639 7.34017043684940429 -9.1380518319342805 5.82753114616956758
9
-18.5041357328332339 -7.19973185461825338 -17.6595442909800475 -5.38681561376531448 -18.5660024114065152 -4.96451989283871953 -18.9882981323331101 -5.8709780132651872 -20.8012143731860455 -5.02638657141200262 -21.2235100941126404 -5.93284469183846497 -20.3170519736861692 -6.35514041276506436 -20.7393476946127677 -7.26159853319152671 -19.4105938532597015 -6.77743613369165754
15
-22.0179125322791478 -10.9865803711883512 -23.8986179464808082 -11.6669825647419341 -23.5584168497040274 -12.6073352718427714 -22.6180641426031954 -12.2671341750659728 -21.9376619490496161 -14.1478395892676474 -20.9973092419487699 -13.807638492490856 -21.337510338725572 -12.8672857853900169 -20.3971576316247258 -12.5270846886132219 -19.7167554380711465 -14.4077901028148965 -18.7764027309703216 -14.0675890060381068 -19.116603827747106 -13.1272362989372695 -18.1762511206462669 -12.7870352021604727 -19.4568049245238974 -12.1868835918364358 -19.7970060213006853 -11.2465308847356003 -21.6777114355023564 -11.9269330782891831
3
-4.55578193760926364 -6.19660559794254429 -2.57657246773962889 -5.90897758404551077 -2.86420048163665752 -3.92976811417587513
9
-14.6431093272527004 8.71173139761214976 -15.947950600361537 7.19601729132703216 -15.1900935472189786 6.54359665477260855 -14.5376729106645666 7.30145370791516868 -13.0219588043794321 5.99661243480633477 -12.3695381678250111 6.75446948794890112 -13.1273952209675837 7.40689012450331319 -12.4749745844131574 8.16474717764587865 -13.8852522741101403 8.05931076105773059
9
0.15765604431495267 -6.8468228583857611 0.619593305697968999 -8.79274525317594069 1.59255450309306257 -8.56177662248443028 1.36158587240155193 -7.58881542508934537 3.30750826719173752 -7.12687816370632721 3.0765396365002271 -6.15391696631123786 2.10357843910513154 -6.38488559700274294 1.87260980841363311 -5.41192439960765981 1.13061724171004241 -6.61585422769425424
9
-2.58537905740774798 -22.7517947724885481 -0.910711461113790754 -23.8451787132536381 -0.364019490731237738 -23.0078449151066593 -1.20135328887821768 -22.4611529447241089 -0.107969348113130081 -20.7864853484301442 -0.945303146260116467 -20.2397933780476009 -1.49199511664266282 -21.0771271761945869 -2.32932891478963677 -20.5304352058120401 -2.03868708702520518 -21.9144609743415693
9
12.4082848320517449 9.78363615085170224 13.5916297949017775 8.17127927382433938 14.3978082334154642 8.76295175524934855 13.8061357519904462 9.5691301937630282 15.4184926290178232 10.7524751566130554 14.8268201475927981 11.5586535951267528 14.0206417090791096 10.9669811137017348 13.4289692276540968 11.7731595522154162 13.2144632705654264 10.375308632276715
9
-13.8385800004799311 14.1206293076098728 -14.4357701921478263 16.0293890816452667 -15.3901500791655188 15.7307939858113297 -15.0915549833315747 14.7764140987936283 -17.0003147573669793 14.1792239071257349 -16.7017196615330299 13.2248440201080406 -15.7473397745153285 13.5234391159419882 -15.4487446786813862 12.5690592289242851 -14.7929598874976289 13.8220342117759323
9
-13.2887078904337255 -5.07835868904784427 -15.1439799733800768 -5.8253295708363515 -14.7704945324858272 -6.75296561230952808 -13.842858491012656 -6.37948017141527135 -13.0958876092241496 -8.23475225436162717 -12.1682515677509695 -7.86126681346737755 -12.5417370086452191 -6.93363077199419564 -11.6141009671720443 -6.56014533109994868 -12.9152224495394758 -6.00599473052101906
9
-14.8704214191284514 5.18756274319852562 -16.293637377829377 6.59271623477835611 -16.9962141236192963 5.88110825542789684 -16.2846061442688352 5.17853150963798115 -17.6897596358486737 3.75531555093706526 -16.9781516564982091 3.05273880514713802 -16.2755749107082863 3.76434678449760529 -15.5639669313578306 3.06177003870768116 -15.5729981649183689 4.47595476384806368
9
-15.5316298729043023 9.19313097256754475 -13.5631349661289207 8.83953826619569405 -13.3863386129429927 9.82378571958338753 -14.3705860663306844 10.0005820727693067 -14.0169933599588461 11.9690769795447025 -15.001240813346536 12.1458733327306252 -15.1780371665324587 11.1616258793429264 -16.1622846199201504 11.3384222325288526 -15.3548335197183778 10.1773784259552347
3
2.83568840559948843 -9.93222500806923136 3.26075434523865226 -11.8865328003472683 5.21506213751669279 -11.4614668607081107
3
10.9218764911590185 8.219897283143343 12.231500408801022 6.70831361217438094 13.7430840797699858 8.01793752981639507
9
17.2635364340988104 6.47530086454884657 15.3234334779050645 5.98950201793816017 15.566332901210405 5.01945053984127654 16.5363843793072824 5.26234996314662595 17.0221832259179706 3.32224700695287289 17.992234704014848 3.5651464302582232 17.7493352807095022 4.53519790835509973 18.719386758806376 4.77809733166044648 17.5064358574041563 5.50524938645197448
15
3.5575269040027564 -18.2651042129912931 1.81283832101886522 -19.2428883141126192 2.30173037157953342 -20.1152326056045787 3.1740746630714729 -19.6263405550439032 4.15185876419281197 -21.3710291380278008 5.02420305568476255 -20.8821370874671288 4.53531100512408614 -20.0097927959751836 5.40765529661603939 -19.5209007454145151 6.38543939773737712 -21.2655893283984057 7.25778368922932504 -20.7766972778377408 6.76889163866865484 -19.9043529863457884 7.6412359301606001 -19.4154609357851164 6.27999958810798198 -19.0320086948538467 5.79110753754731711 -18.1596644033618979 4.04641895456342926 -19.1374485044832383
9
22.8855833240298949 -7.84903564346124138 24.8724877102277482 -7.6205384660000739 24.7582391214971729 -6.62708627290115793 23.7647869283982409 -6.74133486163173146 23.5362897509370725 -4.75443047543387109 22.5428375578381548 -4.86867906416445972 22.6570861465687265 -5.86213125726339257 21.6636339534698052 -5.97637984599396344 22.7713347352993161 -6.85558345036231387
21
-13.6727955736567548 13.3786524420044213 -12.8375380288573098 11.5614169498748005 -11.9289202827924825 11.9790457222745346 -12.3465490551922201 12.8876634683393352 -10.5293135630625976 13.7229210131388033 -10.9469423354623316 14.6315387592036217 -11.8555600815271394 14.2139099868038805 -12.2731888539268645 15.12252773286869 -10.4559533617972473 15.9577852776681475 -10.8735821341969867 16.8664030237329712 -11.7821998802618033 16.4487742513332371 -12.1998286526615161 17.357391997398036 -10.3825931605319077 18.1926495421975076 -10.8002219329316187 19.10126728826231 -11.7088396789964495 18.6836385158625795 -12.1264684513961694 19.5922562619273855 -12.6174574250612608 18.2660097434628526 -13.5260751711260383 17.848380971063122 -12.690817626326595 16.031145478933496 -13.5994353723913974 15.6135167065337708 -12.7641778275919417 13.7962812144041429
9
-6.35466049135218825 -12.3245332425926009 -4.86302197783927426 -10.9922365245132614 -5.52917033687895021 -10.2464172677568044 -6.2749895936354001 -10.912565626796475 -7.6072863117147449 -9.42092711328356103 -8.35310556847120367 -10.087075472323237 -7.68695720943153038 -10.832894729079694 -8.43277646618798826 -11.499043088119361 -7.02080885039185798 -11.5787139858361492
9
12.9761571385513808 -11.9728266916239399 14.9572475360614376 -11.6984531562867691 14.8200607683928638 -10.7079079575317415 13.8295155696378274 -10.8450947252003242 13.5551420343006566 -8.86400432769026025 12.5645968355456237 -9.00119109535884832 12.7017836032142082 -9.99173629411387942 11.7112384044591789 -10.1289230617824657 12.8389703708827927 -10.9822814928689088
9
17.2830753952679999 -4.30757791426879244 15.456821130664899 -5.12292775391981881 15.8644960504904073 -6.0360548862213772 16.7776231827919595 -5.62837996639586002 17.5929730224429832 -7.4546342309989706 18.5061001547445407 -7.04695931117345786 18.0984252349190307 -6.1338321788718968 19.0115523672205775 -5.72615725904639206 17.6907503150935064 -5.22070504657034462
12
-18.235742999020939 20.6647697749524148 -17.4766821611273286 18.8144112571574915 -16.5515029022298563 19.1939416761042985 -16.9310333211766633 20.1191209350017601 -15.0806748033817382 20.8781817728953598 -15.4602052223285487 21.8033610317928463 -16.3853844812260157 21.4238306128460287 -16.7649149001728297 22.3490098717435011 -14.9145563823779064 23.1080707096371327 -15.294086801324708 24.0332499685345802 -18.0696245780170841 22.8946587116941416 -17.3105637401234809 21.0443001938992218
9
10.7372739891657201 21.2626813527356227 11.6882502781921254 19.5032370945365869 12.567972407291645 19.9787252390497834 12.0924842627784415 20.8584473681492995 13.851928520977479 21.8094236571757101 13.3764403764642736 22.6891457862752368 12.496718247364754 22.2136576417620297 12.021230102851554 23.0933797708615494 11.6169961182652361 21.7381694972488262
9
-1.04168062136160988 -13.5742723558857428 0.921374670901530246 -13.9569130744686731 1.11269503019299854 -12.9753854283371002 0.131167384061429804 -12.7840650690456368 0.513808102644361053 -10.8210097767824962 -0.467719543487214562 -10.6296894174910257 -0.659039902778673081 -11.6112170636226022 -1.64056754891024625 -11.4198967043311264 -0.850360262070144701 -12.5927447097541734
3
-3.87224667840391934 11.1653517670856193 -3.10810577841529723 13.0136181669762188 -4.95637217830589982 13.7777590669648475
9
-15.9785002844612745 -14.8076126715080392 -16.1530197620586797 -16.7999838598008004 -15.1568341679123026 -16.8872435985995111 -15.0695744291135938 -15.8910580044531251 -13.0772032408208254 -16.0655774820505215 -12.9899435020221237 -15.0693918879041355 -13.986129096168515 -14.9821321491054373 -13.8988693573698097 -13.9859465549590496 -14.9823146903148938 -14.8948724103067391
3
12.0280395908199385 6.18555961612526417 14.005195818024017 5.88414088208883168 14.3066145520604486 7.86129710929291647
9
14.0900470275141174 15.5277274771987308 14.3138636196079911 13.5402904006844889 15.3075821578651095 13.6521986967314213 15.1956738618181753 14.6459172349885502 17.183110938332419 14.8697338270824275 17.0712026422854741 15.8634523653395512 16.077484104028354 15.7515440692926134 15.9655758079814163 16.7452626075497371 15.0837655657712375 15.6396357732456739
3
6.15427230221743216 1.43122151504483708 5.32772243037823223 -0.389991078081674436 7.14893502350474463 -1.21654094992087702
21
24.3991474596608562 3.87907098568030495 22.5811195887949623 4.71260242525221429 22.1643538690090018 3.80358848981926201 23.0733678044419612 3.386822770033314 22.2398363648700439 1.56879489916741699 23.1488503003029997 1.1520291793814561 23.5656160200889495 2.0610431148144075 24.4746299555218947 1.64427739502845682 23.6410985159499809 -0.173750475837437079 24.550112451382951 -0.590516195623400186 24.9668781711688901 0.318497739809553426 25.8758921066018566 -0.0982679799763976902 25.0423606670299428 -1.91629585084229426 25.9513746024628844 -2.33306157062824493 26.3681403222488555 -1.42404763519529798 27.2771542576817936 -1.84081335498125664 26.7849060420348088 -0.515033699762351915 27.2016717618207622 0.393980235670608359 25.3836438909548505 1.22751167524250304 25.8004096107408145 2.13652561067545577 23.9823817398748993 2.97005705024735978
9
-1.63916323354692017 18.414545462187359 -1.88287648396706353 20.3996408885005707 -2.87542419712367359 20.2777842632904992 -2.75356757191359858 19.2852365501339023 -4.73866299822681913 19.0415232997137522 -4.61680637301674324 18.0489755865571624 -3.62425865986013207 18.1708322117672232 -3.5024020346500695 17.178284498610612 -2.63171094670352401 18.2926888369772911
9
7.90557866875062043 6.98792110632283592 6.0032360756400065 7.60524813346256234 5.69457256207014062 6.65407683690725715 6.64574385862544315 6.3454133233373966 6.02841683148571228 4.44307073022678001 6.9795881280410379 4.13440721665691058 7.28825164161089578 5.08557851321222198 8.23942293816620541 4.77691499964235433 7.59691515518075544 6.03674980976753073
9
17.4308336093907528 1.33098476878372685 16.4628547278457731 -0.419162906380546429 17.3379285654279052 -0.903152347153042712 17.8219180062003986 -0.0280785095709048527 19.5720656813646805 -0.996057391115885871 20.0560551221371703 -0.120983553533747124 19.180981284555024 0.363005887238746494 19.664970725327521 1.23807972482087392 18.305907446972892 0.846995328011234894
9
22.9356169901962659 13.6380405668504707 24.3115732864081586 12.1865777630160714 25.0373046883253672 12.8745559111220089 24.3493265402194154 13.6002873130392121 25.8007893440538254 14.9762436092511031 25.1128111959478844 15.7019750111683027 24.3870797940306723 15.0139968630623599 23.6991016459247312 15.7397282649795702 23.6613483921134709 14.3260187149564171
9
16.6430300935011388 -10.0882284200121557 17.2856110865969193 -11.9821897890247371 18.2325917711032126 -11.6608992924768522 17.9113012745553277 -10.7139186079705588 19.8052626435679144 -10.0713376148747571 19.4839721470200153 -9.12435693036846374 18.5369914625137255 -9.4456474269163806 18.2157009659658229 -8.49866674241006592 17.5900107780074286 -9.76693792346426548
9
-18.2497452444642256 15.3449895466035322 -19.4880200642062178 16.9155548813772683 -20.273302731593084 16.2964174715062775 -19.6541653217220897 15.5111348041194077 -21.2247306564958258 14.2728599843774102 -20.6055932466248279 13.4875773169905422 -19.8203105792379546 14.1067147268615383 -19.2011731693669532 13.3214320594746702 -19.0350279118510954 14.7258521367325397
9
23.8115451839082404 -5.04443642276471316 25.6691460426718834 -5.78559703256568181 26.0397263475723797 -4.85679660318386386 25.1109259181905564 -4.48621629828337287 25.8520865279915206 -2.62861543951971699 24.9232860986096938 -2.25803513461923577 24.5527057937092081 -3.18683556400106482 23.6239053643273849 -2.81625525910057606 24.1821254888087296 -4.11563599338289166
3
-14.6499444527898657 -7.64972427393623633 -15.8390390583345049 -9.25784554394811288 -14.2309177883226159 -10.446940149492761
9
14.1294846005536101 -8.50841879078032903 14.6138616753370414 -10.4488772029665409 15.5840908814301553 -10.2066886655748181 15.3419023440384397 -9.23645945948171665 17.2823607562246515 -8.75208238469828181 17.0401722188329323 -7.78185317860517678 16.0699430127398237 -8.0240417159968942 15.8277544753481099 -7.05381250990379183 15.0997138066467134 -8.26623025338861162
3
-5.28469357312044163 -5.33760159397913991 -6.87094277005946363 -4.11948276348258347 -8.08906160055602008 -5.705731960421625
3
-19.1084284222391965 -0.10944341361172856 -20.5220967808207639 -1.52420196967183985 -19.1073382247606496 -2.93787032825340821
9
-7.42349792194759317 19.1114312549492986 -5.42356754341768887 19.0947435039558933 -5.41522366792098353 20.0947086932208556 -6.41518885718593346 20.1030525687175476 -6.39850110619253254 22.1029829472474617 -7.39846629545749135 22.1113268227441608 -7.40681017095419403 21.111361633479202 -8.40677536021914484 21.1197055089759083 -7.41515404645089227 20.1113964442142539
9
7.25815854235918945 -16.2888448314570624 8.18067987315471434 -18.0633741758825721 9.06794454536747807 -17.6021135104848092 8.6066838799697134 -16.7148488382720579 10.3812132243952284 -15.7923275074765197 9.91995255899745487 -14.905062835263756 9.0326878867846947 -15.3663235006615313 8.57142722138693003 -14.4790588284487693 8.14542321457194163 -15.827584166059296
3
-18.0092642830169822 -9.82183473093800075 -16.0958859213038394 -9.23961205452637557 -16.6781085977154575 -7.32623369281322745
9
2.91783068832468206 -24.2861524256057209 3.04554528826977045 -26.2820705053276455 4.04350432813073368 -26.2182132053551058 3.97964702815818994 -25.2202541654941435 5.97556510788011508 -25.092539565549064 5.91170780790757178 -24.0945805256880945 4.91374876804660587 -24.1584378256606378 4.84989146807406168 -23.1604787857996683 3.91578972818564441 -24.2222951256331847
9
5.96803029543670505 10.852898722478642 7.90576623129166478 10.3577427441280978 8.15334422046694307 11.3266107120555812 7.18447625253946232 11.5741887012308524 7.67963223088999936 13.5119246370858193 6.7107642629625186 13.7595026262610922 6.46318627378724475 12.7906346583336017 5.49431830585976844 13.03821264750888 6.21560828461197445 11.82176669040612
9
-7.36582131690771735 -14.0444237795777216 -9.30758814212744134 -13.5653187843250205 -9.54714063975379723 -14.536202196934882 -8.57625722714392857 -14.7757546945612415 -9.05536222239661548 -16.717521519780977 -8.08447880978675926 -16.9570740174073187 -7.84492631216041136 -15.9861906047974518 -6.87404289955054359 -16.2257431024238024 -7.60537381453405814 -15.0153071921875867
9
-3.76164770411866156 -20.4784680786306517 -2.4342711078810142 -18.9824495721406628 -3.18228036112600687 -18.3187612740218349 -3.84596865924483122 -19.0667705272668293 -5.34198716573481391 -17.7393939310291771 -6.0056754638536507 -18.4874031842741715 -5.25766621060864736 -19.1510914823929994 -5.92135450872747526 -19.8991007356379797 -4.50965695736365202 -19.8147797805118202
3
-5.02603047634626243 12.6077439217848077 -6.9227596206610702 13.2421086064156661 -7.55712430529192503 11.3453794621008477
15
12.3720489688977384 -13.0205788836550695 11.1207088267854726 -11.4604033009918798 10.3406210354538679 -12.0860733720480127 10.9662911065100079 -12.8661611633796049 9.40611552384680394 -14.1175013054918654 10.0317855949029404 -14.8975890968234719 10.8118733862345451 -14.2719190257673318 11.4375434572906691 -15.0520068170989312 9.87736787462747223 -16.3033469592112006 10.5030379456836034 -17.0834347505427928 11.2831257370151992 -16.4577646794866652 11.9087958080713374 -17.2378524708182681 12.0632135283467914 -15.8320946084305305 12.8433013196784014 -15.2064245373743994 11.5919611775661409 -13.6462489547111989
9
9.74815863920988157 -19.0187479705820799 8.22237608628995709 -20.3118015662250215 8.86890288411142969 -21.0746928426849891 9.63179416057139548 -20.428166044863513 10.9248477562143425 -21.953948597783441 11.6877390326743118 -21.3074217999619613 11.0412122348528197 -20.5445305235020044 11.8041035113127926 -19.8980037256805282 10.3946854370313524 -19.7816392470420404
3
5.65736145376525101 -8.13904496547485756 3.72747498707887015 -8.66396231677955164 4.25239233838355624 -10.5938487834659369
9
-2.1003437953637345 23.1346915854205086 -2.55775627672916794 21.1877006193677389 -1.5842607937027835 20.9589943786850128 -1.35555455302007211 21.9324898617113995 0.59143641303271588 21.4750773803459722 0.820142653715430381 22.4485728633723554 -0.153352829310965832 22.677279104055085 0.075353411371755108 23.6507745870814645 -1.12684831233735183 22.9059853447377861
9
-0.664332948807425439 -15.6518144721601189 -1.00376711822656528 -13.6808288190842955 -1.98925994476448031 -13.8505459037938632 -1.81954286005490684 -14.8360387303317722 -3.79052851313073624 -15.175472899750913 -3.62081142842116632 -16.160965726288822 -2.63531860188324885 -15.9912486415792632 -2.46560151717368159 -16.9767414681171722 -1.64982577534533581 -15.8215315568696919
3
10.4261100725193501 23.2182940105714835 8.46370334135307623 22.8323408767932108 8.84965647513133469 20.8699341456269316
12
20.6161423779725759 -5.36461003472586295 18.8023802548021131 -4.52183666035280218 18.3809935676155796 -5.42871772193804425 19.287874629200811 -5.85010440912456975 18.4451012548277582 -7.663866532295037 19.3519823164129896 -8.08525321948156872 19.773369003599516 -7.17837215789632843 20.6802500651847581 -7.59975884508286548 19.8374766908116982 -9.41352096825333007 20.7443577523969296 -9.83490765543986178 22.0085178139565123 -7.11426447068415868 20.1947556907860495 -6.27149109631109258
9
15.8121146345071377 8.62513815145212881 17.6845754873484182 7.92236482058584812 18.0359621527815648 8.85859524700648393 17.099731726360929 9.20998191243961628 17.8025050572272185 11.0824427652809039 16.8662746308065721 11.4338294307140487 16.5148879653734255 10.497599004293404 15.578657538952779 10.8489856697265594 16.1635012999402861 9.56136857787276639
3
-16.2058750484796512 11.1000805375069262 -17.2962509742864867 9.42345286851750963 -15.6196233052970523 8.33307694271067767
9
-21.15693192809956 -17.0889714078513641 -20.4082542447780746 -15.2343874311880398 -21.3355462331097456 -14.8600485895272953 -21.7098850747704901 -15.7873405778589593 -23.5644690514338215 -15.038662894537481 -23.9388078930945625 -15.9659548828691467 -23.0115159047628879 -16.3402937245298858 -23.3858547464236359 -17.2675857128615533 -22.084223916431224 -16.7146325661906232
9
-10.6077009966374085 -9.5436930402938227 -12.3054107397609709 -10.6009449630176817 -11.7767847783990511 -11.4497998345794674 -10.9279299068372726 -10.921173873217537 -9.87067798411340824 -12.6188836163411082 -9.02182311255162084 -12.0902576549791743 -9.55044907391355657 -11.2414027834173869 -8.70159420235176206 -10.7127768220554618 -10.0790750352754799 -10.3925479118556083
15
11.5308026933363159 24.8265176546418509 13.380677450716167 24.0662786251196934 13.7607969654772582 24.9912160038096225 12.8358595867873291 25.3713355185706995 13.5960986163094795 27.2212102759505683 12.6711612376195504 27.6013297907116417 12.2910417228584734 26.6763924120217126 11.3661043441685319 27.0565119267827932 12.1263433736906929 28.9063866841626549 11.2014059950007479 29.2865061989237354 10.8212864802396886 28.3615688202337957 9.896349101549756 28.7416883349948797 10.4411669654786028 27.4366314415438737 10.0610474507175347 26.5116940628539446 11.9109222080973929 25.7514550333317835
9
-26.6594536668010171 9.05907618884226729 -25.2933230256429233 7.59836161327011173 -24.5629657378568353 8.28142693384915596 -25.2460310584358893 9.01178422163523152 -23.7853164828637276 10.3779148627933342 -24.4683818034427709 11.1082721505794098 -25.1987390912288518 10.4252068300003593 -25.8818044118079058 11.1555641177864437 -25.9290963790149362 9.74214150942131063
9
20.757341196580267 -15.6548000018682316 19.3577088120689318 -14.2261540736456062 18.6433858479576138 -14.925970265901265 19.3432020402132814 -15.640293230012583 17.9145561119906418 -17.0399256145239022 18.6143723042463094 -17.7542485786352273 19.3286952683576345 -17.0544323863795597 20.0285114606132879 -17.7687553504908777 20.0430182324689454 -16.3546161941238957
3
7.10878599097347319 -2.81548685615584615 6.45288383789249664 -0.926097440078863743 4.56349442181551446 -1.58199959315982319
9
14.295925257181592 -15.5452184579830348 15.8518773357284015 -16.8018063495631864 16.48017128151848 -16.0238303102897852 15.7021952422450699 -15.3955363644997032 16.9587831338252286 -13.8395842859528937 16.1808070945518239 -13.2112903401628206 15.5525131487617383 -13.9892663794362253 14.7745371094883389 -13.3609724336461433 14.9242192029716652 -14.7672424187096283
9
16.9206073283155263 27.512126938887917 14.9366007836930823 27.259702631628727 15.0628129373226773 26.2676993593174899 16.054816209633902 26.3939115129470849 16.3072405168931098 24.4099049683246427 17.2992437892043291 24.5361171219542484 17.173031635574727 25.5281203942654713 18.165034907885957 25.6543325478950663 17.0468194819451284 26.5201236665766942
9
6.79364226085786704 26.9796368177585641 5.30347310371305447 25.6456968329413009 5.97044309612167901 24.9006122543688875 6.71552767469409417 25.5675822467775191 8.04946765951137522 24.0774130896327065 8.79455223808377085 24.7443830820413311 8.12758224567513565 25.489467660613748 8.87266682424754549 26.1564376530223832 7.46061225326650312 26.2345522391861579
9
-8.60574240703807725 -19.1260729072810776 -6.98957598260004076 -17.9479362053151483 -7.57864433358301604 -17.1398529930961203 -8.38672754580203517 -17.7289213440790903 -9.56486424776798216 -16.1127549196410627 -10.3729474599870066 -16.7018232706240397 -9.78387910900402424 -17.5099064828430535 -10.5919623212230398 -18.0989748338260199 -9.19481075802104719 -18.3179896950620638
9
-27.194399681840423 -19.9656317225235824 -25.4908525680326044 -18.9178114941270152 -26.0147626822308951 -18.0660379372231006 -26.866536239134799 -18.5899480514213877 -27.9143564675313769 -16.8864009376135691 -28.7661300244352809 -17.4103110518118527 -28.2422199102369902 -18.2620846087157638 -29.0939934671409013 -18.7859947229140403 -27.718309796038703 -19.1138581656196784
9
7.94614610422207779 16.7018796142673978 9.41564952499128083 18.0585519020169443 8.73731338111650579 18.7933036124015516 8.00256167073190561 18.1149674685267748 6.64588938298235821 19.5844708892959858 5.91113767259775802 18.9061347454212125 6.5894738164725366 18.1713830350366088 5.85472210608792309 17.493046891161832 7.26780996034730631 17.4366313246520015
9
11.3638140910412861 12.1942382213254703 13.2873936607762939 11.6466602461492847 13.5611826483643991 12.6084500310167922 12.5993928634968881 12.882239018604885 13.1469708386730861 14.8058185883398963 12.185181053805568 15.0796075759279944 11.911392066217477 14.1178177910604834 10.9496022813499767 14.3916067786485815 11.6376030786293807 13.1560280061929742
3
-3.99207599078215303 -7.07939198148408799 -5.3176452060851096 -5.58177178415731934 -6.81526540341189335 -6.90734099946028657
9
4.22433852102124696 -14.9640115055883101 3.13318133261820453 -16.6401308301581174 3.97124099490311888 -17.1857094243596435 4.51681958910462988 -16.3476497620747416 6.19293891367445237 -17.4388069504777761 6.73851750787596782 -16.6007472881928706 5.90045784559105702 -16.0551686939913481 6.44603643979258312 -15.2171090317064408 5.06239818330615066 -15.5095900997898291
9
8.88305597630108501 -25.4487288476493205 9.55540078942379445 -23.5651279206302817 8.6136003259142786 -23.2289555140689288 8.2774279193529221 -24.1707559775784446 6.39382699233387797 -23.4984111644557352 6.05765458577252502 -24.4402116279652581 6.99945504928205153 -24.7763840345266075 6.66328264272068971 -25.718184498036134 7.94125551279157005 -25.1125564410879605
3
8.82870761685875038 -5.98299277750487857 7.28458410513723198 -7.25408780957321042 8.55567913720556916 -8.79821132129473682
3
-17.0583315619667921 -5.11354415062308387 -17.0702090139143081 -3.11357941940025329 -19.0701737451371436 -3.12545687134776262
3
-15.5304725041956857 -3.23857240064501406 -14.8313455664668226 -5.11239777269595308 -12.9575201944158742 -4.41327083496709083
1
30
-29.093993467140901 -26.282070505327646 -15.010843115116806 -11.762089931055062 -15.211668369520124 -10.782462850379028 -13.252414208168066 -10.380812341572387 -9.8275097395648636 -7.1520743970545864 -9.2924568811043731 -6.3072558137757539 -9.0113139061274712 -6.4853133936808431 -7.6797054894528189 -5.1726634401403624 -6.8709427700594636 -4.1194827634825835 -6.4988130325638176 -4.0085836631871468 -6.4276631013662335 -4.0116464680844004 -3.8301432120868979 -1.0027285010282314 -4.0756398062332027 -0.033331047832402483 -2.1368448998415381 0.45766214046020587 -2.3823414939878407 1.4270595936560386 -1.4129440407920106 1.6725561878023414 -0.70846114901143542 2.1631927918844314 0.28441815984686292 2.0440681594985639 0.40354279223273043 3.0369474683568618 2.7942712940515677 5.3209146837096286 3.1132114771540396 6.2686895301803238 6.0109402333573509 8.3230649188497061 6.3285896730963209 7.7760079646505673 8.0581628073843277 8.7802871953175874 7.5560231920508176 9.6450737624615996 8.4938527832501407 10.770627582504874 8.4147793720387405 11.397544295863366 10.949602281349977 14.391606778648582 11.911392066217477 14.117817791060483 12.185181053805568 15.079607575927994 27.277154257681794 29.286506198923735
